1008070
1030350
1036570
1039440
1048100
1056140
1064920
1075910
1125780
1138190
1142130
1149400
1155600
1163690
1172830
1181790
1195460
1206010
1210880
1214680
1218950
1223360
1225110
1259440
1265850
1270050
1272550
1282610
1299230
1301340
1308950
1316870
1333840
1351510
1356870
1362400
1368350
1375300
1390080
1404210
1412370
1425790
1426050
1431920
1453270
1458420
1466110
1471850
1474700
1479480
1485080
1486620
1500410
1502670
1514690
1529220
1538670
1542490
1542640
1550880
1552210
1552350
1553520
1588580
1590250
1605600
1623930
1626680
1641040
1668150
1669620
1680550
1695080
1729250
1732650
1740120
1752840
1755920
1758450
1784410
1820320
1824530
1849900
1860150
1872800
1881430
1882750
1915040
1916360
1931980
1935630
1938620
1938990
1941980
1962770
1963450
1972250
1978460
1986390
1989690
1994220
2009390
2018740
2019140
2022360
2022890
2064650
2068080
2069040
2076380
2086980
2107060
2121720
2122960
2134510
2138100
2146380
2148510
2149240
2149290
2151660
2169010
2176770
2184730
2195750
2197450
2201020
2207920
2220420
2221390
222880
2230290
2267230
2268520
2279810
2281730
2286540
2300280
2305650
2319330
2320260
2322700
2329790
2339980
2348070
2349670
2357570
2366400
2369140
2379680
2395810
2399180
2400670
2404300
2405270
2406870
2446520
2461140
2493960
2495490
2504900
2505790
2511110
2512510
252690
2527940
2538220
2542860
2548390
2556690
2557860
2560720
2571180
2587510
2589060
2590580
2594400
2598020
2613480
2616230
2631520
2640310
2662630
2674080
2684310
2690190
2695490
2712400
271570
2719810
272230
2725160
2736450
2742140
2747260
2748340
2752710
2756790
2767820
277850
2779560
2794740
2800570
2827230
2835960
2837980
2839360
2864660
2875350
2882310
2902410
2903740
2906890
2923330
2937310
2940890
2942660
2943100
2950580
29600
2962030
2969240
2969250
2971980
2978510
2998740
3009750
3011410
301360
3036380
335050
338540
339610
350700
360940
372000
372820
382250
395940
404400
404870
447820
448080
454680
47880
489110
493520
49900
503100
509190
516510
517960
527340
527950
532800
540870
555160
569350
578100
602550
619670
622040
632510
640150
655620
660830
671860
672890
683190
688500
690460
705780
733430
736780
754050
765140
771060
777150
781960
790740
802740
804540
811940
813820
815260
820690
822750
827930
848190
849940
868810
884880
898930
909750
923780
952070
95400
954170
960630
961680
9880
993890
998300
998780
