1000080
1002850
1003190
1005470
1008070
1013320
1024630
1028840
1029900
1030350
1033410
1036570
1037190
1039440
1040480
1046750
1048100
1048280
1050160
1052370
1056140
1056330
1058450
1058860
1063710
1064920
1066420
1068210
1075910
1076640
1077530
1079470
1083480
1085520
1092050
1094110
1100900
1101190
1102100
1109040
1109820
1116590
1116800
1117370
11200
1121010
1124560
11250
1125780
1131590
1131840
1133050
1133070
1134100
1136080
1138190
1140510
1142050
1142130
1144130
1144800
1148750
1149400
1152800
1154030
1155600
1160490
116100
1162520
1163690
1170870
1171140
1172830
1173100
1175250
1177310
1178500
1179810
1181790
1184560
1184760
1188720
1194680
1194720
1195460
1196320
1196470
1196760
1197220
1199740
1202140
1203600
1206010
1210880
1214680
1215950
1218950
1222250
1223360
1225110
1228870
1230020
1233120
1236800
1238080
1239520
1239690
1239780
1248080
1248240
1250210
1252650
1253110
1259440
1264220
1265850
1270050
1271620
1272550
1278190
1279410
1282610
1288550
1289500
1291220
1291680
1292120
1299230
1301340
1303140
1308950
1309340
1313340
1316870
1324350
1324530
1325080
1330290
1330760
1333840
1334910
1339790
1340020
1341210
1343330
1343700
1346290
1347700
1348680
1351510
1351630
1355780
1356870
13620
1362400
1368350
1372280
1375300
1376580
1386650
1390080
1391050
1392650
1394250
1397390
1402020
1404210
1412370
1425360
1425790
1426050
1430820
1431920
1442470
1443630
1446780
1449840
1451200
1453270
1457140
1458420
1459700
1460830
1461370
1465610
1466110
1468680
1470060
1471850
1474700
1478340
1478970
1479480
1482980
1485080
1485970
1486620
1487640
1489120
1489620
1491650
1492850
1493430
1498570
15000
1500410
1502670
1508400
1509060
1514690
1518440
1520510
1521410
1521580
1522820
1525990
1529220
1534610
1538670
1542490
1542640
1547110
1550880
1552210
1552350
1552920
1553520
1554640
1564670
1569780
1570330
1571210
1576000
1578050
1578410
1581440
1588580
1590250
1591590
1592170
1593930
1595170
1595710
1598730
1599330
1604240
1605600
1605960
1607760
1609370
1613090
1616260
1621070
1622040
1623930
1625670
1625830
1626680
1628120
1634100
1634290
1637030
1640990
1641040
1642170
1645730
1654150
1655220
1656750
1668150
1669620
1670160
1677280
1677840
1680550
1681890
1682580
1685930
1688270
1689880
1690500
1692400
1693390
1694290
1694610
1695080
1698470
1700850
1701380
1714900
1715220
1715280
1715970
1724900
1727030
1729250
1731630
1732650
1738540
1740120
1740490
1744770
1747110
1748090
1750280
1750980
1752840
1754580
1755920
1757300
1758050
1758450
1766810
1769470
1773490
1773990
1775300
1776220
1777020
1784410
1784570
1784950
1785650
1789110
1797270
1807300
1813190
1816690
1820320
1823340
1824530
1828410
1834530
1840790
1845700
1849900
1860150
1863160
1863280
1870300
1872800
1873540
1877250
1880230
1881430
1882750
1882880
1884970
1890780
1898630
1907290
1908530
1911420
1913870
1915040
1916360
1921330
1924740
1929830
1931740
1931980
1935630
1938620
1938990
1941980
1943740
1946470
1949770
1961400
1962650
1962770
1963450
1966660
1971900
1972250
1975900
1977530
1978460
1981350
1984570
1986390
1989690
1994220
1994480
1996550
1997980
1999290
2006050
2009390
2011210
2015650
2016290
2018740
2019140
2022140
2022360
2022890
203630
203770
2054180
2057830
205990
2064650
2068080
2069040
2071390
2071720
2076380
2079940
2080940
2082580
208480
2086760
2086980
2089590
2091380
2094850
2096280
2096380
2100
2102020
21030
2104260
2105450
2107060
2108370
210950
21130
2114130
2115810
211900
2121720
2122770
2122960
2123300
2124460
212480
212700
2127820
2130980
2131860
2134510
2137350
2138100
2143030
2145050
2145710
2146380
2148510
2149240
2149290
2150170
2151450
2151660
2154710
2156120
2159120
2159200
2159650
2160190
2160430
2162310
2167390
2168680
2169010
2170370
2173490
2176400
2176770
2178430
21800
2182930
2184730
2191500
2193730
2195750
2196700
2197450
2197910
2200390
2200560
2201020
2201560
220260
2203830
2207920
2210040
2215050
2216840
2217420
2220420
2221390
2221820
2228250
222880
2230290
2231180
2231300
223220
2234640
223490
2236450
2236680
2237710
2242620
2255300
2257170
2264130
2267230
2268520
2269540
227020
2273850
2275420
2279810
2281730
228200
2282600
228280
2286020
2286380
2286540
2287440
2289860
2299650
2300280
2302820
2305650
2313170
2317820
2319160
2319330
2320260
2322700
2324300
2329660
2329790
2330210
2337630
233980
2339980
2342990
2343930
2344710
234490
2348070
2348530
2349670
2352810
2353520
2357570
2361780
2363620
2365240
2365940
2366400
236730
2369140
237430
2378140
2378810
2379680
2379820
238210
2382630
2383080
2383380
238370
2384430
238460
2386470
2387270
2389340
2390490
2395810
2399180
2399430
2400670
2400960
2404300
2405270
240660
2406870
2410310
2410740
241240
2413220
2418870
2420230
2423860
2424110
242530
2430470
2430790
2434120
2435040
244090
2445680
244590
2446330
2446520
2450
2450360
2452650
2456820
2458410
2461140
2468550
2468740
2475640
2475720
2476710
2478430
2484250
2488360
249130
2491320
2493960
2495490
2499330
250180
2504900
2505790
2507040
2511110
2512510
2520490
2522120
2525210
252690
2527940
2529280
2535820
2538220
2540450
2542860
254440
2546350
2548390
255260
2556690
2557860
2558260
255870
2559900
2560720
2561310
256190
2565000
2571180
2572540
257770
25800
258010
2581430
2584280
2587510
2589060
2589920
2590580
2591950
259320
2593960
2594400
2594980
259700
2598020
2613240
2613480
2616230
2620550
262690
2627640
2629630
2630310
2631520
2640310
265970
266190
2662190
2662630
266840
2674080
267530
267730
2679270
2684310
2690190
2691750
2692200
2695490
269630
2699040
2699500
2704120
2705910
2706270
270910
2712400
271570
2719810
272230
2724160
2725160
272890
2736450
2737300
2742140
2747260
2748340
2749770
2751060
2752710
275390
2756790
2762530
2765460
2767820
2770280
2770370
2771200
2772580
277850
2779560
2780470
278080
2781370
2791800
2794740
2798090
2799350
2800570
280180
2806840
2808360
280910
2813720
2814860
2823080
2825560
2827230
2832490
2834790
2835950
2835960
2836510
2837980
2839360
2844460
2846060
285160
2851860
2853290
2859080
2860010
2864660
2866120
286810
2875350
288140
2882310
2888740
289440
2895040
2900780
2902410
2903740
2906890
290790
2913500
2917630
2923330
2925890
2937310
2940750
2940890
2942660
2943100
2943230
2946530
2950580
2955700
295670
29600
2962030
2969240
2969250
2971980
2972530
2973660
2976140
2977810
2978510
2979530
298280
2996570
2998740
300260
3002820
3005850
3009750
3010
3010460
3011410
3012050
3012260
301360
3024250
302510
3028610
3031780
3032150
3034320
3035090
3036380
303860
3041730
304930
3049690
3052520
3059040
306000
307980
308080
311770
312450
314340
314950
316750
321940
322210
322850
3230
324090
32450
325210
326340
32680
327150
330270
330720
331200
334040
335050
335300
33670
338540
339610
339700
340960
341040
342640
34285
34316
345660
347050
349040
350210
350700
351230
351860
353630
355060
355650
356100
356570
35700
359220
359840
360940
361300
361420
362310
364710
368050
368680
370350
371190
372000
372820
373290
374190
375620
377360
377950
380570
381250
382250
382490
383230
384030
384900
387870
388370
391210
392290
393220
395940
397540
397810
402220
402560
403120
403270
404400
404540
404870
407840
410900
414190
415150
417900
419990
421170
422640
422810
423220
423730
42700
427520
42810
429540
434570
438910
441550
444670
445070
44680
447820
448080
448840
450290
453870
454530
454680
455340
4580
458820
459220
462110
46360
464950
470220
47880
478980
47920
48110
485260
485510
487000
48720
487730
4890
489110
493520
493620
496290
49900
502070
502500
503100
503350
504460
506500
508440
509190
509980
514460
516510
517960
517970
519490
520440
521920
523660
527340
527950
528610
529140
529910
531780
532800
534550
539290
539470
540870
544630
546610
55040
553570
554610
555160
562500
563370
569350
569530
570890
578100
580040
58550
585910
596380
600460
602550
602770
612660
614960
619670
620640
622040
624970
628710
629860
631960
632510
63380
638070
63900
640150
640760
644280
649190
649770
652940
653550
655620
658500
659120
660450
660830
665330
667160
667600
671150
671470
671860
672440
672890
673930
675010
679690
680420
683190
684260
687630
688500
689520
690460
695970
696110
699560
700590
701280
701940
702430
705780
71115
71164
71167
714080
719630
724480
728140
728740
729270
731430
733430
736290
736780
737660
745970
748370
748800
749800
752580
752910
754050
759850
762110
765140
765560
766500
767590
768800
771060
777150
777550
780290
781960
790740
791410
792970
793150
794990
798650
799210
80
802740
804540
804610
805550
806230
811940
813820
815260
816150
818070
820690
820950
821840
822750
824110
827930
828570
829080
833960
838110
838360
842750
848190
848330
849940
851690
852560
856670
857710
858600
861960
865200
868810
869090
869910
870150
871670
872790
873320
875790
876470
878380
880320
881980
884880
885970
889150
891040
893900
895140
895510
898930
900380
903910
90400
905450
905640
909750
910320
918700
919360
92100
921730
923780
924200
924530
925300
925560
926870
92900
933390
9340
942250
952070
953110
95400
954170
960090
960630
961680
963220
965310
965540
967330
970840
971690
977670
978300
982250
987020
9880
99100
993890
998300
998780
99900
999330
999660
