1000380
1000550
1000650
1001100
1001600
1001930
1002670
1003150
1003520
1004650
1005420
1006450
1006900
1007360
1008430
1008590
1008690
1009260
1009750
1009920
1010850
1011370
1011990
1012120
1013600
1013910
1014460
1014720
1015430
1016960
1017360
1018740
1019720
1020360
1020560
1020830
1021890
1022980
1023150
1023420
1023570
1023720
1024840
1025160
1025420
1026110
1026430
1027230
1027550
1027710
1028130
1028490
1028680
1029470
1030410
1031200
1031580
1031790
1031910
1032510
1033110
1033580
1033670
1034430
1035610
1035880
1036490
1036870
1037120
1037460
1038410
1039180
1040740
104100
1041140
1042490
1042920
1043480
1044130
1044450
1045390
1046030
1047170
1047620
1047850
1048690
1049080
1049220
1049560
1050880
1050900
1052090
1052560
1052670
1053000
1053710
1054080
1054650
1055540
1056010
1056970
1058490
1058530
1058980
1059120
1059660
1060220
1060360
1061850
1061910
1062200
1063050
1063960
1064440
1064480
1065250
1065670
1065850
1066430
1067270
1067450
1067720
1068490
1069360
1071130
1071320
1072090
1072760
1072870
1073140
1073230
1074330
1074530
1074740
1075350
1076210
1076360
1078140
1078380
1078590
1079630
1079830
1081250
1081340
1081630
1081820
1082460
1082650
1086670
1087800
1088800
1088960
1089080
1089290
1089790
1090440
1090790
1091250
1091520
1091940
1092180
1092560
1092790
1093870
1094420
1094680
1095080
1095360
1096210
1096520
1097110
1097710
1098200
1098250
1098440
1098700
1098910
1100140
1100170
1102510
1102720
1103040
1103460
1103530
1104930
1105240
1105600
1106660
1106980
1107210
1108120
1108310
1108680
1109460
111010
1111310
1112940
111300
1113290
1113490
1113780
1114000
1114940
1115030
1115610
1115970
1116470
1118440
1119760
1120330
1120560
1120640
1122870
1123340
1123610
1123970
1124270
1124410
1124810
1125420
1125910
1126190
1126450
1126840
1127680
1127820
1128310
1129670
1130560
1131240
1132180
1132640
1132910
1133520
1133610
1134260
1134390
1135800
1136470
1137250
1137260
1137490
1137670
1138360
1138800
1139890
1140150
1140750
1141060
1141340
1143310
1144020
1144470
1145180
1145530
1145820
1146000
1146300
1146510
1146810
1147840
1147980
1148410
1149120
1149910
1150270
1151370
1151530
1151750
1152200
1153150
1153670
1153800
1154420
1154810
1155970
1156570
1156980
1157320
1157830
1158260
1158470
1158820
11590
1159590
1160040
1160850
1161870
1162010
1162320
1162700
1162750
1163090
1163870
1165010
1165470
1165570
1165860
1166130
1167670
1167770
1167790
1168170
1168490
1168610
1169310
1169430
1169780
1169920
1170320
1170390
1171320
1172650
1173350
1173650
1173980
1174300
1174810
1174920
1175650
1175870
1176580
1177490
1177640
1177910
1178830
1179100
1179890
1180190
1180520
1180820
1181610
1182200
1182310
1184040
1184090
1184370
1185470
1185680
1185960
1186280
1186600
1188250
1188330
1189470
1190230
1190380
1190590
1190640
1191930
1192260
1192840
1193510
1193660
1194930
1195020
1196630
1197260
1197730
1198250
1198820
1199030
1199220
1199520
1199930
1201530
1202770
1203560
1204360
1204550
1204950
1205250
1206000
1206480
1206620
1206840
1207020
1208240
1209140
1210330
1210470
1210960
1211700
1212040
1212730
1212860
1212870
1213600
1214150
1214400
12150
1215430
1215650
1216310
1216550
1216930
1217330
1218030
1218250
1219020
1219180
1220510
1221520
1221860
1223530
1224420
1224600
1225040
1225550
1226550
1227070
1227190
1227390
1227890
1228450
1229030
1230200
1232130
1232570
1233900
1234180
1234750
1234830
1235430
1236470
1237560
1237820
1238280
1239360
1239900
1241810
1243060
1243320
1245220
1245280
1245500
1247640
1248030
1249430
1250350
1250630
1250650
1251550
12520
1252210
1253230
1253270
1253390
1253520
1254320
1254870
1255040
1255050
1255380
1255810
1257370
1257670
1258310
1258770
1258790
1259740
1260810
1261090
1262720
1262900
1263800
12640
1264160
1264830
1265080
1265360
1265680
1265930
1265990
1266430
1267230
1267690
1268730
1268800
1269030
1269050
1269560
1270760
1270890
1271310
1271690
1271840
1271990
1272460
1272820
1273350
1273820
1274060
1274530
1274730
1275390
1276430
1276610
1276810
1277320
1278000
1279260
1281030
1281040
1281560
1281690
1282080
1283220
1283790
1284100
1285050
1285560
1285860
1286210
1286370
1287210
1287640
1288370
1288650
1290190
1290390
1292940
1293130
1293990
1294310
1294620
1295140
1295730
1296370
1297210
1297890
1298140
1298470
1298500
1298850
1299340
1299840
1300060
1300360
1301500
1302050
1302770
1303350
1303460
1304580
1304790
1305250
1305500
1305690
1306160
1306750
1306950
1307850
1308280
1308700
1309910
1310620
1311070
1311440
1312050
1313810
1314010
1314300
1314840
1315200
1315250
1315360
1316200
1316570
1318450
1319480
1320000
1320430
1320810
1320990
1321270
1322090
1323080
1323620
1323910
1324150
1325470
1327430
1327540
1328830
1329630
1329810
1331600
1332250
1332590
1333330
1333430
1334020
1334360
1335580
1335910
1336400
1337010
1338030
1338130
1338420
1338780
1339000
1339410
1340240
1340470
1340850
1342150
1342480
1342550
1342690
1342940
1344690
1345360
1345470
1345950
1346830
1346850
1347070
1348770
1349070
1349890
1351220
1352230
1352590
1353150
1354570
1355310
1355650
13560
1356950
1357520
1358140
1358360
1358830
1359440
1359820
1360160
1360390
1361110
1361320
1361740
1361760
1362190
1362620
1362720
1362780
1363200
1363810
1365380
1365630
1366070
1366150
1366570
1367270
1367860
1368340
1368640
1370640
1371230
1371630
1372640
1373310
1373410
1373760
1374480
1374590
1374820
1374890
1376040
1376270
1376520
1376840
1377450
1377970
1378370
1378670
1379120
1379460
1379600
1380830
1380880
1380990
1381070
1383030
1383370
1383510
1383990
1384440
1384770
1385180
1385480
1385790
1386110
1386680
1387190
1387430
1388110
1388690
1389160
1389200
1389530
1390580
1391400
1392280
1392590
1393220
1394420
1394680
1394760
1395230
1395750
1396630
1397720
1398100
1398700
1399140
1399220
1399720
1400350
1400910
1401150
1401370
1401870
1402280
1404450
1404750
1404850
1405170
1405740
1405980
1406560
1406720
1406780
1407890
1407920
1408100
1408760
1409070
1409570
1409680
1409740
1410260
1410490
1411000
1412010
1412610
1413500
1413980
1414380
1415030
1415520
1416290
1417200
1417500
1417720
1418090
1418290
1418540
1419110
1419360
1419750
1419980
1420330
1421290
1421320
1422240
1422570
1423780
1424290
1424360
1424710
1425170
1426310
1426970
1427970
1428080
1428630
1429040
1429870
1429950
1430350
1431380
1432630
1433130
1433190
1433470
1433890
1434260
1434550
1437480
1437720
1437950
1438760
1439340
1439960
1440730
1441100
1441340
1441830
1442020
1443450
1444020
1444420
1444730
1445070
1445720
1446310
1447080
1447740
1448540
1448940
1449040
1449470
1449920
1450200
1450410
1452300
1452500
1454130
1454650
1455080
1455300
1455730
1455920
1456230
1457510
1457690
1457980
1458900
1459300
1459640
1460070
1461230
1461730
1461910
1462330
1463450
1465060
1465170
1465410
1466240
1466550
1467670
1468420
1469960
1470430
1470540
1471530
1472660
1473220
1474200
1474220
1474480
1475120
1475890
1476520
1477000
1477130
1477970
1479300
1479870
1480060
1480740
1480910
1481620
1482060
1482910
1483190
1485230
1487060
1487120
1487230
1487360
1487790
1488810
1489470
1490980
1492570
1492590
1492980
1493240
1494070
1494310
1494400
1494920
1495830
1497360
1498110
1498400
1498600
1499410
1499890
1500120
1500590
1502060
1502230
1503180
1504450
1505470
1505920
1506040
1506460
1506520
1507310
1507760
1507970
1508620
1509750
1510090
1510470
1510840
1511240
1511690
1512290
1512470
1512730
1513640
1514200
1515020
1515220
1515290
1516940
1517350
1518000
1518240
1519280
1519900
1520120
1520710
1521020
1522020
1523330
1523420
1524710
1525270
1525580
1527120
1527280
1527670
1527980
1528780
1529730
1529910
1530360
1530860
1531250
1532360
1532790
1533280
1534300
1535060
1535960
1536600
1536750
1536980
1537470
1538270
1538620
1538900
1539740
1539970
15400
1540670
1541420
1541530
1542810
1543090
1543750
1544530
1545620
1546570
1546950
1547070
1547430
1547820
1547930
1548820
1549240
1549540
1550630
1550750
1551570
1553360
1553880
1554130
1554550
1554960
1555470
1555930
1556430
1557200
1557880
1558420
1558490
1558850
1559900
1560970
1561100
1561390
1562100
1562700
1562910
1563160
1563320
1563710
1563840
1564140
1564450
1565420
1565680
1565760
1567380
1568260
1568330
1568400
1569150
1570220
1570510
1570600
1570750
1571090
1571660
1572270
1572320
1572830
1573760
1574200
1574400
1575320
1575540
1576400
1576740
1577690
1578550
1578710
1579260
1579610
1580180
1580600
1580770
1581080
1581580
1581830
1582090
1582570
1582990
1583170
1583410
1583530
1585050
1585330
1586050
1586830
1587710
1588130
1589380
1589730
1589970
1590380
1590840
1591280
1592360
1592450
1592490
1592670
1592980
1594220
1595850
1596230
1596370
1596750
1597250
1597730
1598370
1599670
1599930
1600130
1600640
1601040
1601890
1602180
1602280
1602590
1602980
1603220
1603970
1604440
1604700
1605150
1605580
1606610
1606920
1608410
1608720
1609080
1610560
1610700
1611100
1611130
1611860
1611910
1612180
1612500
1612820
16130
1613580
1613680
1614500
1614840
1617230
1617790
1619060
1620060
1620700
1621860
1622590
1622990
1623070
1623550
1625100
1626530
1627560
1627820
1628650
1629690
1630570
1631000
1631160
1631700
1634070
1635410
1635480
1636410
1636690
1636710
1637540
1638390
1639690
1639710
1639730
1640780
1642480
1642580
1643220
1644280
1644750
1644810
1646030
1646380
1646730
1647300
1647460
1647740
1648080
1648590
1649730
1650130
1650210
1650790
1651610
1652080
1652480
1656230
1657350
1657540
1657770
1658280
1659340
1659360
1660200
1660430
1660500
1661180
1661330
1661580
1661640
16620
1662110
1662820
1662920
1663580
1663950
1664090
1665050
1665570
1665990
1668950
1670830
1670980
1671420
1672490
1672830
1673570
1673840
1675080
1675600
1676390
1677220
1677510
1678350
1678550
1678710
1678860
1679320
1679820
1680020
1680250
1680660
1680990
1681670
1682330
1683020
1683510
1684050
1684460
1686440
1686710
1686980
1687250
1687470
1687560
1687960
1688850
1690240
1691560
1693570
1694840
1695500
1696150
1696290
1696630
1697190
1697550
1698080
1698960
1699130
1699510
1699820
1700220
1700240
1700630
1701090
1702540
1703120
1703540
1703930
1705020
1705480
1705540
1705890
1706280
1706890
1707410
1707840
1708300
1708690
1708870
1709570
17100
1710520
1710730
1711460
1711700
1712150
1712590
1712890
1713170
1713660
1714200
1714730
1714910
1715330
1715460
1715530
1716440
1716790
1717280
1717400
1718450
1719790
1720090
1720740
1721130
1721470
1721800
1721930
1722390
1723100
1723420
1724410
1724670
1725620
1726290
1726730
1728520
1728700
1729080
1729770
1729780
1730150
1732560
1732730
1732840
1733880
1734040
1734850
1735370
1735880
1737170
1737380
1738570
17410
1741300
1741440
1742230
1742480
1742500
1742910
1743670
1744270
1744570
1744820
1745050
1745340
1746130
1746590
1746820
1747050
1747690
1747900
1748290
1748620
1749140
1750580
1751070
1751630
1752210
1752400
1753110
1753870
1754150
1755110
1755600
1755750
1756210
1756750
1756900
1758770
1760240
1761010
1761260
1761420
1761480
1763160
1763230
1763550
1764700
1765600
1767960
1768260
1768730
1769100
1769160
1770440
1770600
1772350
1772750
1774970
1776800
1777980
1778380
1778780
1778830
1779040
1779990
1780370
1781520
1781730
1781760
1782420
1782510
1782880
1783360
1783800
1785580
1786200
1786330
1786750
1786960
1787580
1788180
1788380
1788760
1789300
1789500
1790960
1791710
1791900
1793070
1793090
1793120
1793260
1793360
1794210
1794640
1794840
1795370
1795830
1796060
1796660
1799590
18000
1800010
1801270
1802860
1803450
1804340
1805220
1805340
1806070
1806690
1807200
1807640
1808080
1808200
1808260
1808730
1809090
1809740
1810320
1810650
1810840
1811940
1812260
1812760
1813650
1814520
1815000
1815520
1815580
1818150
1818580
1819040
1819520
1819820
1820640
1821060
1821960
1822090
1822500
1823090
1823540
1824110
1824910
1825030
1825050
1826080
1826490
1826880
1827310
1827840
1828180
1829310
1830210
1830320
1830760
1831100
1831290
1832000
1832220
1832580
1832680
1832990
1833190
1833950
1834120
1834930
1835010
1835470
1836400
1836510
1836940
1837160
1837220
1837400
1837570
1837700
1838340
1838770
1839150
1839590
1839750
1840160
1841190
1842900
1842990
1844080
1844690
1845050
1845420
1846720
1847260
1847900
1848380
1848610
1848960
1849570
1849800
1850840
1851440
1852870
1853190
1854060
1854450
1854970
1856010
1856480
1856880
1856930
1857000
1857570
1858270
1858810
1859180
1859360
1859720
1860750
1861390
1861990
1862480
1862880
1863670
1865440
1865670
1865730
1865930
1866110
1866450
1867500
1867520
1867930
1868280
1868650
1869030
1869600
1869990
1871490
1871650
1871880
1873180
1875540
1875610
1875980
1876150
1876670
1877560
1878220
1878770
1879000
1879530
1879810
1880150
1880910
1881240
1881670
1882410
1883200
1883670
1884160
1884310
1885500
1886260
1887910
1888480
1888720
1889000
1889320
1889660
1890340
1890740
1890760
1892340
1892550
1892920
1893130
1894510
1895490
1895760
1896000
1896090
1897060
1897250
1897820
1897970
1899010
1899300
1899500
1899790
1899800
1899820
1900020
1900830
1900890
1901060
1901360
1901950
1902290
1903710
1903720
1904830
1905220
1905900
1906410
1906910
1906950
1907520
1908140
1908430
1908740
1908870
1909090
1910170
1910950
1911590
1911760
1912590
1913160
1913700
1914190
1916220
1916270
1916830
1917370
1917840
1917970
1918150
1918460
1918880
1919500
1919710
1920830
1921460
1921780
1922200
1922770
1922990
1923670
1924020
1925060
1925550
1925730
1926390
1927020
1927600
1927690
1928120
1928320
1929530
1930740
1933000
1933090
1933330
1935100
1935240
1935330
1935940
1936530
1937960
1938300
1938400
1939930
1940270
1941430
1941890
1943030
1943420
1943760
1944300
1944560
1944660
1945720
1947090
1947270
1947970
1948290
1948980
1949170
1949570
1949850
1950420
1950920
1951940
1952210
1952810
1953240
1953530
1953760
1954440
1955170
1956400
1956420
1956630
1956930
1957310
1958040
1959410
1959620
1960060
1960400
1960610
1961020
1961370
1961750
1961970
1963210
1963750
1964500
1964620
1964870
1965280
1965640
1965980
1966260
1967320
1968340
1968630
1969180
1969490
1971310
1971630
1971770
1972190
1972230
1972880
1973010
1973270
1973740
1974410
1975550
1976490
1976850
1977100
1977220
1977270
1977890
1978360
1978920
1979290
1979880
1983000
1983290
1983330
1983510
1984060
1985690
1985910
1986550
1987140
1987570
1987690
1988110
1988550
1989130
1989280
1989870
1990190
1990330
1990820
1991040
1991780
1992120
1992770
1992980
1993440
1994040
1994620
1995220
1995530
1995840
1996360
1996770
1996910
1997060
1997400
1997800
1997900
19980
1998390
1998470
1999090
1999680
1999910
2000460
2000900
2001720
2001830
2002310
2002830
2003370
2003870
2004390
2005160
2005780
2006140
2006170
2006580
2007000
2007180
2007270
2007710
2008670
2009730
2010870
2012030
2012140
2012290
2012740
2013040
2013240
2013770
2014380
2014550
2016980
2017480
2017790
2018700
2019340
2019470
2019980
2020180
2020570
2021190
2021520
2021690
2022020
2022290
202410
2024950
2025080
2025340
2025530
2025610
2026270
2026330
2026540
2026720
2026750
202690
2028270
203350
2050460
2050840
2051080
2051450
2052170
2052540
2052690
2053030
2053750
2054380
2054520
2054690
2056180
2056530
2056830
2057080
2057850
2058090
2058200
205830
2058340
2059280
2059480
2059740
2060450
2061000
2061260
2061460
2062330
2062710
2063220
2063420
2063450
2063630
2063970
206410
2065280
2065340
2065570
2065870
2066300
2066870
2066920
2067120
2067590
2067900
2068820
2068880
2069190
2069720
207040
2070850
2071050
2071060
2072090
2072230
2072580
2073220
2073420
2074050
2074560
2074940
2075210
207610
2076290
2076580
2076840
2077430
2077670
2078010
2078280
2078530
2078830
2080240
2080620
2081630
2082260
2082320
2082940
2083250
2083430
2083660
2083870
2084430
2085040
2085390
2085510
2086390
2086580
2086850
2087460
2087910
2088360
2090830
2091760
2092180
209230
2092660
2093270
2093680
2094420
2094920
2095040
2096180
2096400
2097720
2097960
2098290
209830
2098470
2098920
2099110
2099440
2099990
2100320
2100390
2101340
2101450
2101880
2102500
2102980
2104600
2105140
2105770
2107130
2109360
2109570
2109600
2110600
2111060
2111370
2111760
2112260
2112570
2113040
2113120
2113470
2113810
2113940
2114330
2114750
2115160
211600
2116280
2116690
2117160
211740
2117510
2118030
2118320
2120510
2120830
2120930
2120950
2121480
2122110
2123150
2123420
2124360
2124490
2125090
2125360
2125930
2126680
2126700
2127100
2128390
2128590
2129290
21300
2130440
2132060
2133050
2133370
2134060
2134960
2135190
2135380
2135680
2136190
2136280
2136950
2137610
2138080
2139580
2140570
2140980
2141770
2142450
2142470
2142540
2142570
2143500
2143540
2143980
2144120
2144820
214490
2145740
2146070
214700
2147710
2147970
2148240
2150060
2150180
2150850
2151310
2152410
2152810
2153500
2154570
2155280
2155860
2156410
2156890
2157290
2157450
215770
2157710
2158020
2159890
2161120
2161840
2162160
2162350
216290
2162960
2164060
2164570
2164970
2166250
2166520
2166870
2167830
2169330
2170090
2170650
2170890
2172520
2172870
2173580
2174460
2174620
2175080
2175530
2175570
2175670
2177350
2177810
2178310
2178980
2179770
217980
2180010
2180710
2181380
2181640
2181880
2182190
2182570
2183170
2183490
2183670
2184130
2184290
2185190
2185250
2185810
2186240
218640
2186530
2187670
2188180
2188670
2189750
2190130
2190180
2190420
2190690
2191190
2191530
2192680
2193090
2193570
2193720
2194700
2195240
2195400
2196100
2196380
2197490
219780
2198310
2198570
2198830
2199250
2199580
22000
2200100
2202270
2202360
2203570
2204190
2204880
2205670
2205750
2206490
2206660
2206820
2207470
2207700
2208000
2208390
2208960
2209860
2209910
2211400
2211870
2212200
2213710
2213890
2214570
2215670
2216120
2216660
2217800
2218800
2218980
2219580
2220040
2220580
2220660
2220980
2221190
2221760
2222420
2222710
2222870
2223220
2223550
2223630
2225290
2225430
2225740
2226350
2226810
2227860
2228150
2228410
2229020
2229120
2229300
2230090
2230980
22320
2233560
2233770
2234470
2236100
2237480
2239110
2239350
2239960
2240240
2240410
2240530
2241510
2241560
2241590
2241610
2242440
2242970
224300
2243050
2243250
2243480
2243850
2244530
2245010
2245370
2245450
2245780
2245980
2246180
2248020
2248170
2248890
2249040
2250270
2250480
2251240
2251730
2253590
2253930
2254310
2254860
2256040
2256810
2256920
2257640
2258290
2258840
2259390
2260310
2260700
2260930
2261250
2261540
2262680
2262960
2263330
2263980
2264880
2265410
2265490
2266020
2266600
2267580
2267770
2269070
2269750
2270250
2270370
2270980
227160
2272290
2272600
2272860
2273520
2274340
2274550
2275600
2275880
2275940
227600
2276120
2276420
2276540
2276620
2276980
2277790
2279960
2280370
2281150
2282360
2283240
2283820
2284390
2284900
2285090
2285120
2285140
2285350
2288640
2288950
2289390
2290290
2291920
2292060
2292220
2292810
2293830
2294890
2295170
2295650
2296500
2296980
2297230
2298140
2298500
2298590
2299450
2300910
2301000
2301100
2301470
2302150
2302410
2302680
2302960
2303390
2303670
2304290
2304410
2304820
2305480
2306090
2307220
2308340
2308670
2309550
2309690
2310300
2310620
2311460
2312050
2312230
2312430
2313420
2313530
2314050
23150
2315830
2315940
2316770
2317610
2317890
2318120
2318510
2318570
2318950
2320620
2322410
2323120
2323580
2324570
2324650
2325990
2326040
2326420
2326780
2327270
2327490
2327830
2328380
2328480
2328780
2330300
2331880
2331970
2332030
2332800
2333530
2334480
2334570
2335050
2335810
2336590
2337500
2338040
2338080
2339000
2339080
2339650
2339680
2340330
2340460
2341620
2341680
2341710
2342710
2343160
2343270
2343560
2345000
2345110
2345500
2345740
2346360
2347090
2347750
23490
235070
2351100
2351570
2352130
2352630
2353320
2353850
2355170
2355530
2355670
2356220
2356660
2357150
2358190
2359310
2360160
2360440
2362330
2362790
2363220
2363700
2363840
2364280
2364800
2365150
2365500
2366250
2367420
2367570
2367820
2368350
2368780
236930
2369480
2369730
2370390
2370770
2371190
2371670
2372070
2372300
2373900
2374360
2374820
2375740
2376990
2377160
2377920
2378190
2378310
237990
2380860
2382440
2383240
2384090
2384190
2384580
2384900
2385120
2385720
2385780
2386250
2386310
2386840
2387130
238870
2390060
2390680
2392330
2392670
2392730
2394060
2394450
2395460
2395860
239700
2397690
2398190
24010
2402020
2402230
2402460
2402650
2402990
2403780
2404190
2404770
2405980
2406540
2406640
2407550
2408280
2408380
2409540
2410110
2410460
2411140
2411830
2412410
2412700
2413040
2413520
2413840
2414240
2414580
2415180
2415480
2416650
2416830
2418610
2419800
2420710
2420930
2421880
2422450
2422810
2422990
2423780
2424270
2424650
2425300
2426330
2426780
2427360
2427450
2427980
2428370
242840
2428420
2429190
2429630
2431130
2431720
2432470
2432930
2433090
2433390
2434450
2434730
2435310
2435680
2436030
2436180
2436390
2438760
2439640
2439960
2440520
2441700
2442460
2443440
2443580
2445640
24460
2446890
2446960
2447430
2447970
2448680
2448940
244910
2449360
2449530
2451040
2451630
2452480
2453520
2454030
2454550
2455180
2455780
2456190
2456580
2457000
2457060
2457410
2458580
2459280
2460120
2460460
2462220
2462380
2462970
2463220
2464480
2464750
2465460
2465770
2466290
2466700
2469290
2470910
2471480
2471850
2472200
2472340
2472690
2473340
2473650
247430
2475150
2475220
2475380
2476420
2477100
2477270
2478040
2478940
24800
2481170
2481610
2481710
2482190
2482210
2482650
2482870
2483140
2483300
2483400
248370
2483930
2484340
2484520
2485660
2486240
2486880
2487710
2488430
2488500
2488880
2490890
2491240
2492270
2492830
249330
2493950
2494480
2495090
2495560
2495660
2496160
2496640
2497090
2498100
249870
2498920
25010
2501500
2501830
2502040
2503430
2503780
2507080
2507990
2508630
2511550
2511990
2512690
2512750
2513060
2513090
2514430
2516110
2516350
2517240
2518010
251830
2518320
2518560
251870
2519520
2520240
2520670
2522630
2522740
252310
2523160
2523550
2523930
2525450
2525810
2525940
2526380
2526580
2527300
252750
2527760
2529130
2530030
2531170
2531970
2532320
2532480
253390
2534370
2534450
2534930
2535560
2535890
2536090
2537120
253790
2538030
2538200
2539330
253980
2540400
2540490
2541100
2542370
2543380
2543740
2544220
2544550
2544590
2545320
2545790
2546930
2547430
2547960
2548140
254860
2548780
2549260
2549680
2550040
2551290
2551500
2551750
2552000
2552310
2553250
2553560
2553910
2556950
2558800
2559470
2560080
2560260
2560530
2562650
2563550
2563780
2565550
2566030
2566440
2567490
2567590
2568540
2568690
2569310
2570450
2570630
2570850
2571540
2571810
2572340
2572930
2573350
2573770
2574190
2574430
2575100
2575440
2575840
2576430
2576880
2577160
2578820
2579110
2579510
2580280
2583290
2583530
2584650
2586110
2587280
2587870
2588240
2589550
2590160
2590430
2590810
2591280
2591500
2592010
2593580
2595100
2595290
2595940
2596190
2596420
2596480
2596760
2597190
2597480
2597710
259780
25980
2598500
2598960
2599170
2599420
2600
2600000
2600640
2600720
2601340
2602910
2603300
260380
2604220
2605260
2605700
2606630
2606920
2607470
2607640
2607870
2608100
2608410
2609040
2609760
2609920
2610040
2610440
2610540
2610690
2611230
2612220
2612670
2613720
2613850
2614240
2614670
261530
2615430
2615810
2616760
2617360
2617830
2618170
2618830
2619350
2619750
262060
2621400
2621470
2621820
2621950
2622850
2624230
2625960
2626450
2626960
2628070
2628370
2632550
2633110
263320
2633210
2634370
263460
2635480
2635720
2636350
2636710
2637900
2637950
2638130
2638430
2639510
2639680
2641500
2642740
2642850
264300
2643560
264380
2644170
2644970
2645100
264560
2646250
2646660
2647060
2647560
2647820
2647900
2649000
2649100
2649780
2651050
2651170
2651490
2651980
2653090
2653330
2653810
2653860
2653890
2654240
2654290
2654740
2655620
2655770
2657230
2657750
2657850
2658410
2659250
2660130
2660650
2661290
2663150
266330
2664130
2664970
2665570
2666200
2666570
2667000
2667380
2667790
2667970
2668500
2669270
2669580
2669780
2670470
2671780
2672130
2672430
2672880
2673480
2675270
2675620
2676460
2677890
2678230
2678640
2679350
2679840
2680040
2680520
2681260
2681640
2682220
2682270
2682460
2683640
2684230
2684800
2684950
2685230
268540
2685420
2685670
2686500
2686790
2687000
2687160
2687510
2688790
2688900
2689090
2690810
2691050
2691980
2692280
269270
2693340
2693450
2695030
2696530
2696660
2698100
2698910
27000
2700250
2700540
2700570
2701020
270190
2701910
2702250
2702660
2702920
2703140
27050
2705320
2705370
2706960
2706970
2707150
2707970
2709300
2710060
2710560
2710970
2711060
2711630
2711650
2714260
2715260
2716540
2717010
2718460
2719460
2720100
2721190
2721240
2721250
2721440
2721980
2722330
2722630
2724450
2725950
2726740
2726810
2728040
2728080
2729170
2729460
2731330
2732810
2733420
2734780
2736060
2736480
2736590
2736930
2737130
2737970
2738140
2738620
2739420
2739680
2739800
2741300
2741570
274170
2742250
2742750
2743470
2744260
2744420
2744930
274520
2745630
2747780
2748680
2748930
2750200
2751320
2751370
2751720
2752750
2753260
2753570
2755230
2755340
275570
2755700
2756280
2757640
2757770
2758220
2758550
2758980
2759240
2759640
2760600
2760780
2761550
2761610
2761790
2762730
2762830
2763260
2763590
2764870
2765490
2766540
2766840
2767260
2767630
2768470
2768990
2769640
277110
2771560
2771890
2772620
2772920
2772970
2773640
2775830
277650
2776940
2777330
2778540
2779380
2779530
2779890
2781020
2782020
2783290
2783710
2783920
2783990
2784160
2784310
2785120
2785850
2786500
2786650
2786990
2787640
2788200
2789270
2789420
2790550
2791250
2792100
2794180
2794280
2794510
2795400
279560
2796920
2797900
2799040
2800020
2800410
2801230
2801510
2802140
2802240
2802620
2803540
2803640
2804910
2804940
2804960
2805070
2805460
2806340
2807340
2807390
2808200
2808790
2809470
2810190
2810340
2811730
281200
2813270
2815100
2815560
2815810
2817920
2817970
281840
2818830
2820890
2821400
2821850
2821860
2822270
2823890
2824400
2824810
2827460
2827520
2828060
2828750
2828960
2829500
283040
2830680
2830770
2832130
2832360
2832750
2834110
2834450
2835180
2837050
2837300
2837840
2838550
2838990
2839290
283980
2840040
2840620
2841070
2841200
2841960
284220
2842250
2843110
2843540
2843600
2843640
2843800
2844950
2846520
2846980
2847580
2847780
2848100
2848300
2848420
2848430
284890
2850520
2850890
2851550
2851730
2852970
2853770
2854770
2855820
2856310
2856650
2858150
2858360
2859060
285980
2860300
2860330
2860580
2860950
2861400
2861750
286320
2863350
2863710
2865840
2866260
2866730
2868840
2870710
2871010
2871440
2871480
2871980
2873760
2874090
2875300
2875650
2876350
2876680
2877770
2878320
2878340
2879120
2879630
2882840
2883420
2883750
2883900
2884080
2884280
2884840
2886150
2886720
2886950
2888140
288860
2889570
2890020
2891040
2891760
2892180
2893110
289320
2893840
2894790
289500
2895310
2896350
2897730
289890
2899250
2900520
2901070
2901210
2902570
2903730
2904120
2904860
2905620
2905680
2905790
2906180
2906360
2906700
2906930
2908130
2908470
2908830
2909480
2910400
2910440
2910960
2911010
2911390
2912050
2912580
2913920
2914250
291450
2916150
2916250
291640
2916760
2917380
2918660
2919030
2919600
2920160
292060
2920980
2921060
2921150
292160
2921670
292260
2922720
2923170
2923210
2924890
2926080
2927440
2927780
2927880
2928740
2929080
2929660
2931160
2932550
2932740
2933350
2934940
2935420
2936420
293660
2936650
2937110
2937710
2938330
2939440
2940380
294060
2941820
294190
2942010
2942930
2943410
2944550
2945380
2946150
2947530
2947800
2948020
2948470
2949200
2949650
2950330
2950710
2952110
2952600
2953560
2953600
2955100
2955120
2955340
2955790
2956390
2957370
2958170
2958430
2959760
2960610
2961990
296220
2962220
2962330
2963130
2963680
2964390
2964910
2965540
2967190
2967630
2968500
2971280
2972300
2972890
297290
2973850
2975250
2976190
2976490
2976880
2978970
2979760
2981290
2981800
2982540
2983630
2984340
2985720
2986940
2987250
2987930
2989660
2990650
2990710
2991430
299180
2992190
2992550
299400
2994660
2995550
2999690
3000850
3001390
3002720
3006630
3007150
3008340
3008440
300910
3009310
3009600
3009800
3010000
3010450
3010640
3010810
3012210
3012780
3013070
3013830
3014080
3014810
3015380
3016780
3016890
301700
3017700
3019080
3019570
3019750
3021520
302180
3021810
3022130
3023390
3023800
3025020
3025260
3025870
302610
3028170
3029370
3030440
3030530
3030590
3031130
3031150
3033090
3034590
3035710
3035990
303610
3037020
3037330
3038020
3041130
304190
3042690
3044300
3045060
3045220
3046280
3046990
3047490
3047720
3049470
304950
3050480
3050630
3051070
3051100
3053130
3053510
3054490
3054550
3054930
3054960
305700
3057470
3058080
3058310
3058500
305880
3059710
3059790
3060210
3060590
3061020
3061430
3066490
3066920
3067180
3070450
3070500
3071830
307350
3075760
3076280
3083220
310490
310880
311240
31190
312220
312780
313960
314050
314240
314470
315320
315450
315480
316660
316790
316970
317950
31810
318260
318560
318680
31880
319780
320110
320630
321370
325150
326150
327310
328500
328730
329000
329620
329690
330420
331120
331580
331790
3320
332800
333350
334300
335830
336140
336200
336730
337280
33760
337630
337890
338030
338760
339800
340210
340450
341020
341460
342020
342860
344300
344410
344820
34500
345230
345820
346060
346130
346200
346430
346500
346510
347290
347460
347800
348440
348580
348950
3490
34900
349300
350330
35070
352170
352790
353990
355230
356770
357780
358270
358830
359340
359670
360840
361360
3620
362800
363520
364910
365140
365340
365360
365730
366380
367020
367050
368430
368890
369530
370780
370910
371360
37240
372780
372930
37320
373820
374450
374960
375180
375440
376560
376760
377250
377660
379390
379760
38070
381310
38170
382180
383560
383690
384080
384360
384630
385080
385690
385940
386100
386520
388340
388830
389400
392030
392600
393820
394390
394870
395470
396750
397580
397730
398120
398850
398940
399260
400
400380
400470
400660
400790
401420
401690
401910
402530
402880
403740
40380
406150
40720
407420
408340
408650
408750
409460
409520
409670
4100
411870
412270
414950
415620
41600
416160
416610
41680
417060
418060
41900
420160
421180
421890
422210
423910
424250
427940
428220
428550
428870
430080
432590
432720
433170
433700
434820
434960
43500
435100
435380
435800
435970
436280
436500
436510
437690
438180
438770
439260
439550
439880
440120
440420
440630
441050
441250
441680
442000
442190
443460
444530
444550
445230
446240
447010
448570
450040
450590
451340
451360
451590
451800
452710
453660
453980
454130
456140
456390
456690
458510
459580
459680
460790
460950
461380
461700
462910
463110
463290
464040
464500
46550
465720
466030
467370
46830
470060
470490
471640
474020
477750
477800
479990
481420
485040
485820
486370
486660
488150
488210
488760
489700
489740
489930
490430
491130
491510
492090
492270
493200
493380
494090
494470
494730
494970
495540
496640
497440
497790
497820
498030
498550
500480
500690
501060
50130
502380
503390
503780
504560
505070
506110
50620
507080
507340
508930
509600
510520
510630
510960
511250
511280
511920
512230
512420
512460
512750
512830
513270
513780
514770
514870
515650
515900
516940
517330
517350
517480
518000
519940
521110
521340
521800
522530
522960
523060
523900
525610
525740
526510
526740
527110
527250
527580
527910
529500
529590
531050
532260
534270
535840
537750
539750
540860
542550
542650
543110
543600
543950
544650
545000
545030
545690
546090
546700
547540
547840
548050
549700
551720
552240
553050
553910
554980
555170
557850
558110
558660
558990
559930
560370
563130
565080
565550
566250
566410
566430
566580
566800
567160
567680
568240
568500
568920
569770
570110
570380
571350
572040
572180
572630
573170
573260
574690
575560
575670
575960
576120
576840
57700
577740
578990
581100
581360
581740
581920
582530
582610
582820
583000
585770
585990
586130
586340
586970
587580
587930
588140
589100
589200
589380
589670
591390
591920
592100
592720
593250
593540
593730
593850
593970
594220
594320
595550
596730
597820
598430
598730
600100
600230
600610
601250
601500
601990
602120
602430
603100
603880
604170
605410
606510
606950
608870
610190
610460
610840
61100
611690
612020
612120
612720
612880
614570
614660
616110
617660
618050
618100
618420
618610
619270
62000
620220
623640
625910
625990
626600
628090
628150
628530
629030
629380
629690
630070
631120
631770
632710
634160
636570
638130
638390
638900
639320
639770
642390
644200
645090
645470
646960
648060
650000
650070
651610
652140
652540
653930
654580
654990
655760
656220
656570
657020
657230
657550
657590
657690
658620
659810
660270
661260
661530
661750
662210
662410
663190
663240
664190
664460
664870
665950
666040
666260
667040
667450
668220
668770
669360
669500
669790
670430
670750
672160
673040
673430
674010
674310
674840
675130
675510
676410
676820
677300
678290
678570
680070
680680
680860
681150
681550
681690
683870
685330
686240
686680
686720
687310
687480
688790
690140
690420
690550
691850
692170
692840
692930
693300
693710
694770
695630
696590
697330
699790
700520
700750
701290
703310
703630
706370
707590
707870
708920
709140
710140
710520
710840
711130
711540
712070
712650
713160
713800
715100
716060
716260
716480
716900
716950
717320
717670
717870
718140
718490
718680
719240
720020
720240
721540
721700
721940
723020
723370
724330
724370
725620
726160
726320
726520
727170
727530
728530
729920
730090
730760
732240
734840
735060
736390
737980
738510
739410
739690
740600
742230
742970
744280
744330
744590
744810
746260
746750
747810
749150
750920
751670
752080
752850
753630
754150
754500
755140
755420
755450
756260
757470
757730
758030
758090
759180
760050
760360
760490
760920
761350
761600
762610
763010
763250
764390
764880
765860
765910
7670
767050
768450
768540
769020
769200
769930
770120
770920
771500
772100
772300
772670
773190
773670
774131
774191
775850
776280
776360
776740
778000
778410
778800
779360
780130
780930
781220
781800
781840
783230
7840
785050
785920
786140
787100
787850
788320
788640
789280
789510
789760
790610
791180
791790
793450
794480
794830
796050
796440
796770
797190
797610
799510
799810
800200
800240
800650
802200
802300
802490
803760
804070
804730
804900
805500
805990
806160
806720
807310
807980
808100
808130
809330
809570
809760
810460
810660
810760
813030
813540
813650
814210
814640
815360
815780
816490
816870
817120
817410
818420
818520
818650
819090
820830
821330
821490
822110
823310
824600
825310
826180
826370
827170
828170
828480
828760
830470
8310
831110
831120
832510
832770
833140
834740
836600
837590
838190
839020
840500
840890
841990
842430
842810
843120
843400
843660
843780
844910
845070
845270
845370
845870
845960
848780
848930
849100
849620
849680
850030
850340
850970
851530
852250
854570
855990
856790
856880
858710
859610
859950
860440
860890
860910
861000
861020
862110
862260
862440
862730
863580
863970
864540
864730
865580
867150
867460
868230
868360
868460
869620
870120
870890
871330
871850
872230
872550
873040
875540
876170
876300
877040
877300
877910
878580
878690
878910
879090
879740
881040
881620
882100
882410
882660
882960
883130
883300
884090
884440
886230
886390
887400
887440
887920
888020
889520
889710
890280
890600
890800
891200
891710
892910
893020
893360
893680
894430
896170
897410
897700
897880
899590
900010
903570
903830
905120
906470
906740
907000
907560
908270
908420
910230
911100
911280
911690
912140
912730
913830
914440
914690
915560
916260
916540
916860
918480
919400
920800
921450
921520
922130
922590
923120
923340
923420
924370
924750
925470
926340
927860
928950
929030
929530
930360
930910
931140
931310
931700
932150
932560
932940
933920
934500
934790
935180
935720
936270
936980
937970
938300
939620
940650
940910
941640
941650
942870
943970
944510
944720
945890
946210
946330
946570
947490
947600
948510
948640
949880
951250
951760
952910
954310
954740
955030
955530
956090
956820
958880
959170
959350
959770
960910
962090
962510
963150
964050
964390
964700
965920
966320
966540
967070
967910
968970
970570
971350
973110
973230
973700
974320
974840
975200
975800
976120
977290
977400
978450
978780
979060
979110
979680
980520
981010
981750
981980
983650
984300
984680
985070
985950
986010
986830
987710
988100
989430
990090
990250
990500
991260
991480
991800
992620
993250
993580
993740
993960
994350
994900
995280
995930
996450
997240
997870
998220
998270
998950
